SITE_NUM,PART_ID,PASSFG,SOFT_BIN,T_TIME,TEST_NUM,Continuity_out,Continuity_vin1,Continuity_en,Continuity_pg,Continuity_pgdl,Continuity_fb,Leakage_out_h,Leakage_out_l,Leakage_vin_h,Leakage_en_h,Leakage_en_l,Leakage_pg_h,Leakage_pg_l,Leakage_pgdl_h,Leakage_pgdl_l,Leakage_fb_h,Leakage_fb_l,Absmax_vin,Absmax_en,Absmax_out,Absmax_pg,Absmax_pgdl,Absmax_fb,Ignd100,Ishd,Vfb,Vout_5,Ifb,Ilimit,Vdropout_5_50mA,Vdropout_5_300mA,Vline_regulation_5,Vout_6V,Vout_12V,Vout_20V,Vout_30V,Vout_40V,Vload_regulation_5,Vout_5mA,Vout_300mA,Tss,Ven_low,Ven_high,Ien,PG_rising,PG_hys,PG_low,PG_leakage,PGDL_charg,PGDL_rising,PGDL_falling,PG_reaction,
Unit,,,,ms,,V,V,V,V,V,V,uA,uA,uA,uA,uA,uA,uA,uA,uA,uA,uA,uA,uA,uA,uA,uA,uA,uA,uA,V,V,uA,,mV,mV,mV,V,V,V,V,V,mV,V,V,mS,v,v,uA,%,%,V,uA,uA,V,V,om,
LimitL,,,,,,0.100,-1.000,-1.000,-1.000,-1.000,-1.000,-5.000,-5.000,-10.000,-5.000,-5.000,-5.000,-5.000,-5.000,-5.000,-5.000,-5.000,-5.000,-5.000,-5.000,-5.000,-5.000,-5.000,,,1.225,4.800,,0.600,,349.000,,,,,,,,,,0.000,0.350,0.640,,90.000,3.000,0.080,,,1.500,0.260,,
LimitU,,,,,,1.000,-0.100,-0.100,-0.100,-0.100,-0.100,5.000,5.000,10.000,5.000,5.000,5.000,5.000,5.000,5.000,5.000,5.000,5.000,5.000,5.000,5.000,5.000,5.000,16.000,1.000,1.275,5.082,1.100,1.350,289.000,,300.0000,,,,,,10.000,,,1.500,0.890,1.450,0.500,95.000,7.000,0.400,0.015,13.900,2.000,0.710,15.000,
,,,,,,,,,,,,,,,,,,,,,,,,,,,,,,,,,,,,,,,,,,,,,,,,,,,,,,,,,,
0hr,1,True,1,1235,52,0.508,-0.483,-0.583,-0.571,-0.404,-0.579,,2.085,,,0.194,,0.030,,0.027,,0.336,,,,,,,12.706,0.169,1.266,4.989,0.266,0.980,142.168,417.557,2.0597,4.9915,4.9910,4.9906,4.9897,4.9894,4.567,4.995,4.991,0.349,0.620,0.790,-0.001,91.736,5.165,0.360,-0.029,5.568,1.643,0.384,0.034,
0hr,2,True,1,1234,52,0.508,-0.483,-0.583,-0.570,-0.403,-0.579,,2.012,,,0.199,,0.016,,0.028,,0.354,,,,,,,12.550,0.180,1.269,5.019,-0.185,0.930,119.828,425.293,2.0783,5.0150,5.0147,5.0144,5.0135,5.0129,3.622,5.018,5.015,0.395,0.620,0.800,-0.001,91.247,5.625,0.368,-0.029,5.754,1.650,0.345,0.034,
0hr,3,True,1,1235,52,0.507,-0.482,-0.583,-0.569,-0.399,-0.578,,2.066,,,0.191,,0.026,,0.040,,0.342,,,,,,,12.901,0.173,1.267,4.984,-0.533,1.070,147.196,411.071,1.9352,4.9876,4.9866,4.9864,4.9857,4.9857,4.779,4.992,4.987,0.340,0.620,0.780,-0.001,91.043,5.570,0.367,-0.029,5.703,1.652,0.379,0.035,
0hr,4,True,1,1233,52,0.506,-0.480,-0.582,-0.569,-0.397,-0.578,,2.060,,,0.189,,0.020,,0.028,,0.329,,,,,,,12.677,0.172,1.268,5.014,0.718,1.000,123.407,417.969,1.4187,5.0107,5.0097,5.0103,5.0095,5.0093,5.551,5.016,5.010,0.350,0.610,0.780,0.000,91.343,4.886,0.365,-0.029,5.684,1.647,0.384,0.036,
100hr,5,True,1,1233,52,0.506,-0.480,-0.582,-0.569,-0.397,-0.578,,2.043,,,0.191,,0.018,,0.019,,0.334,,,,,,,12.687,0.171,1.268,5.014,-0.915,1.000,123.834,417.915,2.1281,5.0112,5.0106,5.0102,5.0102,5.0091,4.630,5.015,5.010,0.350,0.610,0.780,-0.001,91.387,4.881,0.364,-0.031,5.685,1.648,0.382,0.036,
100hr,6,True,1,1236,52,0.507,-0.482,-0.582,-0.569,-0.399,-0.578,,2.121,,,0.189,,0.021,,0.024,,0.333,,,,,,,12.898,0.168,1.267,4.984,-0.007,1.070,146.815,411.239,1.4250,4.9867,4.9862,4.9864,4.9854,4.9853,4.038,4.991,4.987,0.344,0.620,0.780,0.000,91.044,4.701,0.366,-0.030,5.705,1.651,0.379,0.035,
100hr,7,True,1,1237,52,0.507,-0.483,-0.583,-0.570,-0.403,-0.579,,2.052,,,0.190,,0.020,,0.025,,0.342,,,,,,,12.551,0.169,1.270,5.020,0.214,0.930,119.271,425.499,2.1779,5.0151,5.0148,5.0145,5.0132,5.0130,3.155,5.018,5.015,0.395,0.620,0.800,-0.001,91.256,4.874,0.368,-0.028,5.754,1.650,0.345,0.034,
100hr,8,True,1,1234,52,0.507,-0.482,-0.582,-0.570,-0.403,-0.578,,2.045,,,0.192,,0.018,,0.025,,0.337,,,,,,,12.719,0.168,1.266,4.988,1.020,0.980,141.978,418.175,2.0783,4.9917,4.9911,4.9905,4.9903,4.9896,4.972,4.996,4.991,0.355,0.620,0.790,-0.001,91.762,6.170,0.361,-0.030,5.567,1.642,0.382,0.034,
500hr,9,True,1,1234,52,0.507,-0.482,-0.582,-0.570,-0.403,-0.578,,2.088,,,0.189,,0.015,,0.025,,0.348,,,,,,,12.707,0.168,1.266,4.988,1.020,0.980,142.596,417.992,2.2588,4.9915,4.9913,4.9905,4.9900,4.9893,3.752,4.995,4.991,0.352,0.620,0.790,0.000,91.622,5.094,0.360,-0.029,5.568,1.643,0.384,0.034,
500hr,10,True,1,1237,52,0.507,-0.483,-0.583,-0.570,-0.403,-0.578,,2.059,,,0.196,,0.021,,0.026,,0.354,,,,,,,12.546,0.166,1.273,5.020,0.901,0.930,119.348,425.629,1.8792,5.0155,5.0150,5.0143,5.0135,5.0136,3.429,5.018,5.015,0.394,0.620,0.800,-0.001,90.954,4.876,0.369,-0.027,5.752,1.650,0.347,0.034,
500hr,11,True,1,1235,52,0.507,-0.482,-0.582,-0.569,-0.399,-0.578,,2.113,,,0.201,,0.028,,0.019,,0.334,,,,,,,12.907,0.170,1.267,4.985,0.768,1.070,146.861,411.545,1.7174,4.9869,4.9870,4.9859,4.9857,4.9852,5.383,4.991,4.986,0.342,0.620,0.780,0.000,91.017,4.966,0.367,-0.028,5.704,1.651,0.379,0.035,
500hr,12,True,1,1233,52,0.506,-0.480,-0.582,-0.569,-0.397,-0.578,,2.114,,,0.186,,0.019,,0.021,,0.327,,,,,,,12.685,0.168,1.268,5.014,0.251,1.000,123.147,418.274,1.6241,5.0105,5.0110,5.0100,5.0094,5.0089,4.524,5.015,5.010,0.352,0.610,0.780,0.000,91.291,4.875,0.365,-0.030,5.684,1.648,0.385,0.036,
1000hr,13,True,1,1234,52,0.507,-0.482,-0.582,-0.570,-0.403,-0.578,,2.088,,,0.189,,0.015,,0.025,,0.348,,,,,,,12.707,0.168,1.266,4.988,1.020,0.980,142.596,417.992,2.2588,4.9915,4.9913,4.9905,4.9900,4.9893,3.752,4.995,4.991,0.352,0.620,0.790,0.000,91.622,5.094,0.360,-0.029,5.568,1.643,0.384,0.034,
1000hr,14,True,1,1237,52,0.507,-0.483,-0.583,-0.570,-0.403,-0.578,,2.059,,,0.196,,0.021,,0.026,,0.354,,,,,,,12.546,0.166,1.273,5.020,0.901,0.930,119.348,425.629,1.8792,5.0155,5.0150,5.0143,5.0135,5.0136,3.429,5.018,5.015,0.394,0.620,0.800,-0.001,90.954,4.876,0.369,-0.027,5.752,1.650,0.347,0.034,
1000hr,15,True,1,1235,52,0.507,-0.482,-0.582,-0.569,-0.399,-0.578,,2.113,,,0.201,,0.028,,0.019,,0.334,,,,,,,12.907,0.170,1.267,4.985,0.768,1.070,146.861,411.545,1.7174,4.9869,4.9870,4.9859,4.9857,4.9852,5.383,4.991,4.986,0.342,0.620,0.780,0.000,91.017,4.966,0.367,-0.028,5.704,1.651,0.379,0.035,
1000hr,16,True,1,1233,52,0.506,-0.480,-0.582,-0.569,-0.397,-0.578,,2.114,,,0.186,,0.019,,0.021,,0.327,,,,,,,12.685,0.168,1.268,5.014,0.251,1.000,123.147,418.274,1.6241,5.0105,5.0110,5.0100,5.0094,5.0089,4.524,5.015,5.010,0.352,0.610,0.780,0.000,91.291,4.875,0.365,-0.030,5.684,1.648,0.385,0.036,
